Geração 10:
Aptidaão do Melhor: -0.3999999999999999
[561.0, 502.0, 791.0, 695.0, 584.0, 129.0, 67.0, 218.0, 722.0, 161.0, 603.0, 112.0, 843.0, 340.0, 929.0, 729.0, 191.0, 465.0, 101.0, 218.0, 474.0, 497.0, 227.0, 21.0, 737.0, 8.0, 783.0, 158.0, 149.0, 726.0, 77.0, 690.0, 80.0, 743.0, 253.0, 894.0, 960.0, 531.0, 867.0, 785.0, 144.0, 170.0, 597.0, 199.0, 790.0, 216.0, 429.0, 108.0, 911.0, 945.0, 14.0, 809.0, 638.0, 985.0, 828.0, 133.0, 964.0, 962.0, 60.0, 579.0, 202.0, 899.0, 674.0, 84.0, 594.0, 50.0, 362.0, 273.0, 523.0, 214.0, 526.0, 672.0, 210.0, 251.0, 822.0, 488.0, 365.0, 578.0, 53.0, 690.0, 948.0, 196.0, 616.0, 166.0, 993.0, 324.0, 874.0, 7.0, 918.0, 86.0, 194.0, 868.0, 357.0, 496.0, 414.0, 404.0, 914.0, 211.0, 97.0, 53.0, 341.0, 534.0, 39.0, 410.0, 580.0, 543.0, 402.0, 126.0, 630.0, 718.0, 309.0, 65.0, 953.0, 113.0, 949.0, 478.0, 445.0, 198.0, 240.0, 774.0, 178.0, 656.0, 557.0, 605.0, 939.0, 136.0, 371.0, 878.0, 350.0, 703.0, 622.0, 902.0, 867.0, 174.0, 836.0, 514.0, 442.0, 699.0, 141.0, 6.0, 234.0, 280.0, 417.0, 716.0, 156.0, 577.0, 955.0, 173.0, 462.0, 706.0, 427.0, 262.0, 771.0, 27.0, 786.0, 729.0, 767.0, 177.0, 806.0, 63.0, 833.0, 74.0, 189.0, 168.0, 73.0, 612.0, 439.0, 431.0, 385.0, 338.0, 740.0, 116.0, 87.0, 588.0, 868.0, 575.0, 624.0, 210.0, 245.0, 206.0]
Geração 20:
Aptidaão do Melhor: -0.3999999999999999
[561.0, 502.0, 791.0, 695.0, 584.0, 129.0, 67.0, 218.0, 722.0, 161.0, 603.0, 112.0, 843.0, 340.0, 929.0, 729.0, 191.0, 465.0, 101.0, 218.0, 474.0, 497.0, 227.0, 21.0, 737.0, 8.0, 783.0, 158.0, 149.0, 726.0, 77.0, 690.0, 80.0, 743.0, 253.0, 894.0, 960.0, 531.0, 867.0, 785.0, 144.0, 170.0, 597.0, 199.0, 790.0, 216.0, 429.0, 108.0, 911.0, 945.0, 14.0, 809.0, 638.0, 985.0, 828.0, 133.0, 964.0, 962.0, 60.0, 579.0, 202.0, 899.0, 674.0, 84.0, 594.0, 50.0, 362.0, 273.0, 523.0, 214.0, 526.0, 672.0, 210.0, 251.0, 822.0, 488.0, 365.0, 578.0, 53.0, 690.0, 948.0, 196.0, 616.0, 166.0, 993.0, 324.0, 874.0, 7.0, 918.0, 86.0, 194.0, 868.0, 357.0, 496.0, 414.0, 404.0, 914.0, 211.0, 97.0, 53.0, 341.0, 534.0, 39.0, 410.0, 580.0, 543.0, 402.0, 126.0, 630.0, 718.0, 309.0, 65.0, 953.0, 113.0, 949.0, 478.0, 445.0, 198.0, 240.0, 774.0, 178.0, 656.0, 557.0, 605.0, 939.0, 136.0, 371.0, 878.0, 350.0, 703.0, 622.0, 902.0, 867.0, 174.0, 836.0, 514.0, 442.0, 699.0, 141.0, 6.0, 234.0, 280.0, 417.0, 716.0, 156.0, 577.0, 955.0, 173.0, 462.0, 706.0, 427.0, 262.0, 771.0, 27.0, 786.0, 729.0, 767.0, 177.0, 806.0, 63.0, 833.0, 74.0, 189.0, 168.0, 73.0, 612.0, 439.0, 431.0, 385.0, 338.0, 740.0, 116.0, 87.0, 588.0, 868.0, 575.0, 624.0, 210.0, 245.0, 206.0]
Geração 30:
Aptidaão do Melhor: -0.3999999999999999
[561.0, 502.0, 791.0, 695.0, 584.0, 129.0, 67.0, 218.0, 722.0, 161.0, 603.0, 112.0, 843.0, 340.0, 929.0, 729.0, 191.0, 465.0, 101.0, 218.0, 474.0, 497.0, 227.0, 21.0, 737.0, 8.0, 783.0, 158.0, 149.0, 726.0, 77.0, 690.0, 80.0, 743.0, 253.0, 894.0, 960.0, 531.0, 867.0, 785.0, 144.0, 170.0, 597.0, 199.0, 790.0, 216.0, 429.0, 108.0, 911.0, 945.0, 14.0, 809.0, 638.0, 985.0, 828.0, 133.0, 964.0, 962.0, 60.0, 579.0, 202.0, 899.0, 674.0, 84.0, 594.0, 50.0, 362.0, 273.0, 523.0, 214.0, 526.0, 672.0, 210.0, 251.0, 822.0, 488.0, 365.0, 578.0, 53.0, 690.0, 948.0, 196.0, 616.0, 166.0, 993.0, 324.0, 874.0, 7.0, 918.0, 86.0, 194.0, 868.0, 357.0, 496.0, 414.0, 404.0, 914.0, 211.0, 97.0, 53.0, 341.0, 534.0, 39.0, 410.0, 580.0, 543.0, 402.0, 126.0, 630.0, 718.0, 309.0, 65.0, 953.0, 113.0, 949.0, 478.0, 445.0, 198.0, 240.0, 774.0, 178.0, 656.0, 557.0, 605.0, 939.0, 136.0, 371.0, 878.0, 350.0, 703.0, 622.0, 902.0, 867.0, 174.0, 836.0, 514.0, 442.0, 699.0, 141.0, 6.0, 234.0, 280.0, 417.0, 716.0, 156.0, 577.0, 955.0, 173.0, 462.0, 706.0, 427.0, 262.0, 771.0, 27.0, 786.0, 729.0, 767.0, 177.0, 806.0, 63.0, 833.0, 74.0, 189.0, 168.0, 73.0, 612.0, 439.0, 431.0, 385.0, 338.0, 740.0, 116.0, 87.0, 588.0, 868.0, 575.0, 624.0, 210.0, 245.0, 206.0]
Geração 40:
Aptidaão do Melhor: -0.3999999999999999
[561.0, 502.0, 791.0, 695.0, 584.0, 129.0, 67.0, 218.0, 722.0, 161.0, 603.0, 112.0, 843.0, 340.0, 929.0, 729.0, 191.0, 465.0, 101.0, 218.0, 474.0, 497.0, 227.0, 21.0, 737.0, 8.0, 783.0, 158.0, 149.0, 726.0, 77.0, 690.0, 80.0, 743.0, 253.0, 894.0, 960.0, 531.0, 867.0, 785.0, 144.0, 170.0, 597.0, 199.0, 790.0, 216.0, 429.0, 108.0, 911.0, 945.0, 14.0, 809.0, 638.0, 985.0, 828.0, 133.0, 964.0, 962.0, 60.0, 579.0, 202.0, 899.0, 674.0, 84.0, 594.0, 50.0, 362.0, 273.0, 523.0, 214.0, 526.0, 672.0, 210.0, 251.0, 822.0, 488.0, 365.0, 578.0, 53.0, 690.0, 948.0, 196.0, 616.0, 166.0, 993.0, 324.0, 874.0, 7.0, 918.0, 86.0, 194.0, 868.0, 357.0, 496.0, 414.0, 404.0, 914.0, 211.0, 97.0, 53.0, 341.0, 534.0, 39.0, 410.0, 580.0, 543.0, 402.0, 126.0, 630.0, 718.0, 309.0, 65.0, 953.0, 113.0, 949.0, 478.0, 445.0, 198.0, 240.0, 774.0, 178.0, 656.0, 557.0, 605.0, 939.0, 136.0, 371.0, 878.0, 350.0, 703.0, 622.0, 902.0, 867.0, 174.0, 836.0, 514.0, 442.0, 699.0, 141.0, 6.0, 234.0, 280.0, 417.0, 716.0, 156.0, 577.0, 955.0, 173.0, 462.0, 706.0, 427.0, 262.0, 771.0, 27.0, 786.0, 729.0, 767.0, 177.0, 806.0, 63.0, 833.0, 74.0, 189.0, 168.0, 73.0, 612.0, 439.0, 431.0, 385.0, 338.0, 740.0, 116.0, 87.0, 588.0, 868.0, 575.0, 624.0, 210.0, 245.0, 206.0]
Geração 50:
Aptidaão do Melhor: -0.3999999999999999
[561.0, 502.0, 791.0, 695.0, 584.0, 129.0, 67.0, 218.0, 722.0, 161.0, 603.0, 112.0, 843.0, 340.0, 929.0, 729.0, 191.0, 465.0, 101.0, 218.0, 474.0, 497.0, 227.0, 21.0, 737.0, 8.0, 783.0, 158.0, 149.0, 726.0, 77.0, 690.0, 80.0, 743.0, 253.0, 894.0, 960.0, 531.0, 867.0, 785.0, 144.0, 170.0, 597.0, 199.0, 790.0, 216.0, 429.0, 108.0, 911.0, 945.0, 14.0, 809.0, 638.0, 985.0, 828.0, 133.0, 964.0, 962.0, 60.0, 579.0, 202.0, 899.0, 674.0, 84.0, 594.0, 50.0, 362.0, 273.0, 523.0, 214.0, 526.0, 672.0, 210.0, 251.0, 822.0, 488.0, 365.0, 578.0, 53.0, 690.0, 948.0, 196.0, 616.0, 166.0, 993.0, 324.0, 874.0, 7.0, 918.0, 86.0, 194.0, 868.0, 357.0, 496.0, 414.0, 404.0, 914.0, 211.0, 97.0, 53.0, 341.0, 534.0, 39.0, 410.0, 580.0, 543.0, 402.0, 126.0, 630.0, 718.0, 309.0, 65.0, 953.0, 113.0, 949.0, 478.0, 445.0, 198.0, 240.0, 774.0, 178.0, 656.0, 557.0, 605.0, 939.0, 136.0, 371.0, 878.0, 350.0, 703.0, 622.0, 902.0, 867.0, 174.0, 836.0, 514.0, 442.0, 699.0, 141.0, 6.0, 234.0, 280.0, 417.0, 716.0, 156.0, 577.0, 955.0, 173.0, 462.0, 706.0, 427.0, 262.0, 771.0, 27.0, 786.0, 729.0, 767.0, 177.0, 806.0, 63.0, 833.0, 74.0, 189.0, 168.0, 73.0, 612.0, 439.0, 431.0, 385.0, 338.0, 740.0, 116.0, 87.0, 588.0, 868.0, 575.0, 624.0, 210.0, 245.0, 206.0]
Geração 60:
Aptidaão do Melhor: -0.3999999999999999
[561.0, 502.0, 791.0, 695.0, 584.0, 129.0, 67.0, 218.0, 722.0, 161.0, 603.0, 112.0, 843.0, 340.0, 929.0, 729.0, 191.0, 465.0, 101.0, 218.0, 474.0, 497.0, 227.0, 21.0, 737.0, 8.0, 783.0, 158.0, 149.0, 726.0, 77.0, 690.0, 80.0, 743.0, 253.0, 894.0, 960.0, 531.0, 867.0, 785.0, 144.0, 170.0, 597.0, 199.0, 790.0, 216.0, 429.0, 108.0, 911.0, 945.0, 14.0, 809.0, 638.0, 985.0, 828.0, 133.0, 964.0, 962.0, 60.0, 579.0, 202.0, 899.0, 674.0, 84.0, 594.0, 50.0, 362.0, 273.0, 523.0, 214.0, 526.0, 672.0, 210.0, 251.0, 822.0, 488.0, 365.0, 578.0, 53.0, 690.0, 948.0, 196.0, 616.0, 166.0, 993.0, 324.0, 874.0, 7.0, 918.0, 86.0, 194.0, 868.0, 357.0, 496.0, 414.0, 404.0, 914.0, 211.0, 97.0, 53.0, 341.0, 534.0, 39.0, 410.0, 580.0, 543.0, 402.0, 126.0, 630.0, 718.0, 309.0, 65.0, 953.0, 113.0, 949.0, 478.0, 445.0, 198.0, 240.0, 774.0, 178.0, 656.0, 557.0, 605.0, 939.0, 136.0, 371.0, 878.0, 350.0, 703.0, 622.0, 902.0, 867.0, 174.0, 836.0, 514.0, 442.0, 699.0, 141.0, 6.0, 234.0, 280.0, 417.0, 716.0, 156.0, 577.0, 955.0, 173.0, 462.0, 706.0, 427.0, 262.0, 771.0, 27.0, 786.0, 729.0, 767.0, 177.0, 806.0, 63.0, 833.0, 74.0, 189.0, 168.0, 73.0, 612.0, 439.0, 431.0, 385.0, 338.0, 740.0, 116.0, 87.0, 588.0, 868.0, 575.0, 624.0, 210.0, 245.0, 206.0]
Geração 70:
Aptidaão do Melhor: -0.3999999999999999
[561.0, 502.0, 791.0, 695.0, 584.0, 129.0, 67.0, 218.0, 722.0, 161.0, 603.0, 112.0, 843.0, 340.0, 929.0, 729.0, 191.0, 465.0, 101.0, 218.0, 474.0, 497.0, 227.0, 21.0, 737.0, 8.0, 783.0, 158.0, 149.0, 726.0, 77.0, 690.0, 80.0, 743.0, 253.0, 894.0, 960.0, 531.0, 867.0, 785.0, 144.0, 170.0, 597.0, 199.0, 790.0, 216.0, 429.0, 108.0, 911.0, 945.0, 14.0, 809.0, 638.0, 985.0, 828.0, 133.0, 964.0, 962.0, 60.0, 579.0, 202.0, 899.0, 674.0, 84.0, 594.0, 50.0, 362.0, 273.0, 523.0, 214.0, 526.0, 672.0, 210.0, 251.0, 822.0, 488.0, 365.0, 578.0, 53.0, 690.0, 948.0, 196.0, 616.0, 166.0, 993.0, 324.0, 874.0, 7.0, 918.0, 86.0, 194.0, 868.0, 357.0, 496.0, 414.0, 404.0, 914.0, 211.0, 97.0, 53.0, 341.0, 534.0, 39.0, 410.0, 580.0, 543.0, 402.0, 126.0, 630.0, 718.0, 309.0, 65.0, 953.0, 113.0, 949.0, 478.0, 445.0, 198.0, 240.0, 774.0, 178.0, 656.0, 557.0, 605.0, 939.0, 136.0, 371.0, 878.0, 350.0, 703.0, 622.0, 902.0, 867.0, 174.0, 836.0, 514.0, 442.0, 699.0, 141.0, 6.0, 234.0, 280.0, 417.0, 716.0, 156.0, 577.0, 955.0, 173.0, 462.0, 706.0, 427.0, 262.0, 771.0, 27.0, 786.0, 729.0, 767.0, 177.0, 806.0, 63.0, 833.0, 74.0, 189.0, 168.0, 73.0, 612.0, 439.0, 431.0, 385.0, 338.0, 740.0, 116.0, 87.0, 588.0, 868.0, 575.0, 624.0, 210.0, 245.0, 206.0]
Geração 80:
Aptidaão do Melhor: -0.3999999999999999
[560.075753503612, 505.162393391107, 781.5055900157336, 698.8821088782315, 584.0, 129.70191967937774, 67.0, 214.67494301259458, 724.1018421875982, 154.05311046816377, 603.0, 112.0, 840.8551918977681, 340.0, 929.0, 729.0, 193.2892098078142, 466.80783305873854, 101.0, 218.0248397432262, 474.0, 497.0, 225.2111039368892, 21.0, 737.0, 8.0, 783.0, 158.0, 149.0, 726.0, 77.0, 690.7978648212047, 79.33346722049835, 743.0, 253.0, 894.0, 952.3056774290433, 527.8439732953432, 866.6833121893703, 791.1669985790508, 144.89950658116132, 170.0, 597.0, 199.0, 802.1063161069751, 213.75145191555882, 434.95726835211707, 108.0, 916.1247482685629, 945.0, 13.901294944363796, 806.0719105878447, 640.165288233354, 987.5853492449997, 833.7777224876105, 133.0, 941.597497671196, 962.0, 60.0, 579.0, 202.0, 902.098043631845, 677.0038394029225, 84.0, 596.618870388856, 50.0, 362.65260148665095, 273.0, 527.7071260752311, 216.40148732856838, 526.0, 672.0, 210.0, 247.77299847492745, 822.0, 488.38537404912444, 365.0, 578.1164897136089, 52.74691395954913, 690.0, 952.6930819135129, 196.0, 616.0, 166.0, 993.0, 324.0, 874.0, 7.0, 928.6840191821329, 86.06379371116148, 194.0, 871.312879996568, 358.9786540646927, 489.4690009617294, 413.0362835479363, 404.0, 914.0, 211.0, 97.0, 51.92332106730382, 335.98318681843745, 534.5189616865958, 39.17422534587245, 410.0, 580.0, 539.8550097997403, 403.80039145113045, 126.0, 630.0, 718.0, 309.0, 65.0, 953.8257471498847, 112.88340609228858, 949.0, 478.0, 445.0, 198.23312981642573, 241.8135527564157, 774.0, 178.78297370328022, 656.0, 557.0, 605.0, 939.0, 135.9527225369595, 371.0, 881.3819901175475, 350.98161071852695, 702.2899501324306, 622.1262282361215, 903.3457613570291, 867.0, 174.0, 832.391214951205, 511.2156337470816, 437.410095979233, 699.0, 141.21926206334987, 5.830432148459373, 237.5364711646542, 282.08393979000545, 409.9183471905618, 723.624670444598, 156.0, 577.0, 943.584895271151, 174.54650333080247, 463.63298001837717, 703.5945570513705, NaN, 265.95447368431206, 771.0, 27.0, 786.0, 729.0, 767.0, 177.0, 806.0, 61.98442644069211, 843.3478069815244, 74.20617394541844, 189.0, 168.10820736013375, 73.64701222581874, 612.0, 439.0, 420.49923274043783, 385.0, 333.54429693263506, 738.5103792632366, 116.35407785806365, 87.54488988386284, 590.6539291045168, 872.3417583595318, 567.3684429590571, 625.2536850955572, 207.93305285938763, 245.0, 206.0]
